57
2 42
4967 31577 20417 33458 94531 25309 28336 81648 18725 14231 56751 40238 91892 46105 92753 80121 61729 75008 3694 15822 22850 37448 57618 990 94927 80013 29076 15378 47713 28678 9816 32282 21110 63065 7988 18731 20070 73076 94929 4797 64189 59076 
13 2
27540 35977 
31 282
42871 48614 84387 9712 32206 49970 54174 72377 8279 17689 45106 77231 68293 96263 43896 76474 67827 27096 96574 40671 62738 4564 7206 28842 32030 59371 76002 23038 95392 4283 51582 88695 45368 51788 80747 97170 67839 91671 17427 39668 54769 85263 54291 16212 75142 30112 64861 77412 68992 3927 11319 41733 5465 91281 13326 20673 93273 50247 56782 6993 2072 38425 94723 86083 18863 53596 84882 27642 39269 57146 65316 99194 5115 9258 92450 15462 66966 52436 98548 13125 25149 5300 90333 3073 667 35723 74420 24234 14938 37846 77824 11884 64744 32304 64281 67412 14176 29152 9338 53494 57844 60629 20213 13387 66236 70837 83268 95144 71698 83916 64162 19875 35468 76962 49181 1673 29740 90116 70468 4848 57461 73230 62714 30174 98364 41605 97151 66133 74050 50976 68764 89622 7410 37859 64648 840 66865 81539 92055 12338 20378 98968 12968 46196 69703 57379 70748 9916 98858 98443 37972 55306 86881 61237 26400 23347 61432 81649 57437 18279 51736 76004 76059 24743 4819 28585 66307 61919 67201 36995 73290 4092 16208 32645 37725 24739 15108 29921 91629 60550 54494 63499 80432 97463 62218 78075 78880 11716 75222 99349 12027 60450 79949 20828 44810 63357 16785 12457 35343 59084 94972 30081 44094 34411 12832 80979 6819 2993 30970 75624 45720 22459 96981 1973 23144 61564 19061 14929 15387 36745 45582 98359 72543 69835 66834 33008 23624 68559 58127 16616 23245 33381 24381 22150 61433 12333 35186 36762 3389 23736 99912 9216 14914 88733 93158 63397 78132 55534 48871 66204 58445 96134 18008 98496 38881 88653 71139 79141 98493 93383 9291 93981 83448 2841 30060 65932 65967 72407 28241 12646 93830 21781 91039 20095 38719 45857 77822 61324 64453 8104 5077 89412 
41 72
43864 75426 28616 75919 84258 71224 10454 40320 59806 41375 94789 13394 12024 79549 88888 61726 31179 37692 51066 91967 37883 26098 82736 22402 44651 39609 84262 39497 71999 48492 39125 24577 24937 26427 15308 98108 87832 65569 20747 43088 36198 4956 79633 30173 20760 44259 9648 25002 40361 57011 5620 69993 26549 64374 81140 81650 2840 89237 86281 89020 92034 49284 45707 32398 64491 95007 7765 70242 64792 35740 32974 71858 
49 30
13650 46198 75692 79600 85206 75200 5839 31203 51487 26840 89592 93232 65489 9618 41777 64456 4463 6779 98830 30959 73953 48584 57247 89403 50481 27227 76864 27350 31512 89548 
70 7
46955 59038 39147 69450 12609 64693 51218 
82 244
9965 74817 94427 35839 43543 92751 57275 70156 1848 73030 86280 88665 31520 53781 57333 76268 59437 91410 3189 6420 24571 73714 82204 1458 32539 43642 63804 67820 70907 50222 62171 77083 81450 23378 89648 84857 34537 21998 81552 13367 39969 91355 74244 78104 18699 1282 33418 7123 70707 10262 31292 84319 85113 19761 33823 53094 84501 62979 88255 54485 74592 14165 11496 29433 31834 83871 11064 45634 58566 9080 57226 79053 90216 57780 69297 22409 55803 65730 71738 77399 82392 59459 15908 45284 87737 14854 39591 59643 86971 93366 97380 8159 33262 45565 17160 43685 6773 71343 73346 31055 37464 71111 87438 10802 38835 63801 76343 11287 38877 53693 87595 85604 91349 7062 83151 13241 21316 51603 7745 9642 38401 42615 41626 87146 61079 80749 32711 97857 71516 94922 32256 41916 63230 2363 83224 32000 42102 77823 5634 37020 56612 63764 51149 1755 90857 8556 9480 10486 42097 56149 8716 27365 36712 87030 87698 1694 76540 35704 55436 11552 48819 28888 19244 67293 96783 28038 78162 18759 23527 14186 42883 83672 37650 3103 26100 58645 70782 94592 7603 20649 78772 4811 33982 3098 15931 73887 2136 39365 48093 31458 43688 36427 73144 27774 8114 31909 49339 94666 34115 46226 84837 85053 70264 75359 28549 31098 10902 46996 89498 99517 269 28579 2607 85590 46125 46589 53147 72312 45126 56273 44155 68990 34938 63871 66429 69359 64504 3508 27492 41792 24855 50504 2514 14908 93706 13424 45003 31895 60864 44011 86124 836 10548 30407 
83 214
74501 2400 26329 25792 9494 12769 54792 67278 45670 6393 97717 88351 61335 45505 96627 39382 47685 805 36627 67581 84034 64732 67453 99314 48331 62223 62636 16537 88382 76390 25287 69763 84282 83648 12628 37911 60087 20955 24560 60967 75344 82690 32053 86787 10156 59253 37313 84871 38221 68093 98169 7446 71796 12745 9076 75321 78090 36343 36474 41951 95619 28970 98060 5080 96975 7532 24774 47166 58478 68474 12064 46938 86344 52460 26697 80500 24454 44158 33632 84613 41771 4039 16782 58935 7253 35564 86547 13672 25702 43677 97142 61238 47905 5771 16985 33505 66514 80980 50035 57291 60053 74112 35862 37919 95793 61837 56606 25830 72151 81727 3366 14474 28510 39440 16639 47953 54807 54149 34914 24393 60341 74393 93362 19971 96803 26698 65309 5180 8603 86369 5766 21703 97236 55843 54585 14162 65230 78480 70585 58110 10118 64177 94260 26470 37907 86804 16516 27544 66741 86142 44188 74491 98905 12656 81124 88018 87133 54177 76006 77618 19248 23976 81451 20128 79937 44898 93758 63604 76228 85757 25502 52858 53270 87966 52793 58647 87611 57677 15519 20161 32325 4939 3685 51707 85974 77475 32253 74178 57196 11286 96116 81048 5578 72943 85256 67146 39194 48443 50744 68514 83050 35456 68047 47475 64727 99711 89611 53802 8644 57969 60693 79068 93839 88069 
91 12
70631 80571 5621 88951 44599 19517 70036 99801 97036 52783 6205 86337 
100 198
48005 32338 22726 65341 17367 23968 39290 76271 85770 91112 92602 26199 65616 93333 98776 19783 22438 40500 45313 45945 54986 89200 98180 1029 8738 15755 48031 79208 82351 65627 85833 50500 51855 81291 27299 38555 45335 85494 5145 42494 50895 76671 77108 56467 84373 43785 51205 65713 78832 86921 34569 94750 94818 12696 40063 55356 91896 23233 51647 62821 70206 85668 10910 20039 7718 71818 75220 39013 12540 42659 95004 66810 23392 29473 57975 65040 82155 84825 94068 103 13193 34812 40263 47910 86329 98105 27164 62572 4568 35137 40848 78723 1208 92447 93837 94040 8471 26756 35978 47069 80735 5860 74605 10232 24477 40552 84662 13855 35065 53082 61167 84595 41086 42078 61446 29827 32219 58610 75033 7244 7434 47515 80831 96655 71944 37307 73763 81605 96413 12738 17331 23198 28963 10713 11831 41660 61228 68471 46282 61948 73941 52835 82457 5357 13639 23604 54295 57270 65524 67652 73324 73561 91673 37490 53175 91505 75399 88600 15655 23345 23440 22209 25566 38083 48640 55916 90672 7266 18704 46485 44915 57776 22976 60274 30691 36099 42463 84515 90563 2954 12513 57597 27188 30571 3451 39195 41992 79761 53247 96571 4264 13295 34004 46269 65792 17435 20151 28119 
127 30
12011 92322 58891 22991 38952 22452 15734 87523 88894 1486 76223 10801 52734 65042 70845 88687 95702 53893 70843 42979 12500 26849 50283 30680 54368 85618 17907 51537 3497 7005 
160 16
98295 18155 29632 63550 30151 32866 70955 44812 49199 58792 15481 19849 61321 86963 36798 79106 
175 56
77811 96370 95536 43305 20404 8845 10659 19595 58687 76551 27270 15915 38096 39666 932 57222 33869 34766 43057 93814 11709 96635 86176 79573 431 41828 92362 65549 16923 38241 43727 57357 72949 10004 66255 15706 20570 42231 51905 11212 12889 49955 19425 88585 86775 18577 28876 95323 63789 11468 49541 11960 80449 56136 30984 73945 
198 4
43277 85926 67461 72862 
200 146
38000 44905 92860 93172 1787 81869 10732 3068 36468 32628 42640 79046 89002 26358 30952 41967 18581 71372 58727 86166 82538 26388 38964 69149 87381 45152 6416 56194 38478 60807 13208 50948 73664 75519 28950 49096 2167 45578 57566 99904 58382 71328 79341 82207 78089 51313 10398 69193 14038 34756 76037 22785 28230 91627 42195 53336 96939 58905 72399 76903 99857 82420 51132 51712 93138 54024 57319 80440 54862 21227 10394 25534 31158 40210 6876 11823 1650 77989 75795 64965 96392 41163 77734 90410 35868 4090 97007 24912 28632 45302 66203 41866 45272 7905 6775 27588 42853 56438 71065 51339 74644 99729 69410 48974 67614 80036 18101 21428 63770 72858 68489 90368 14649 4679 36866 40296 22304 77886 1907 36247 46915 65832 40291 96058 71536 82914 99210 84821 22493 47624 91498 63737 54943 21343 73149 59401 85208 20432 69857 22999 28834 38987 91677 99450 42974 95827 
221 21
2939 63931 18439 4511 58210 8930 59295 9653 71305 44632 7527 69314 68448 95958 55582 30788 66391 96568 62039 47015 42072 
233 75
12612 72800 88769 98639 47390 88461 56514 25262 28283 95770 84370 60486 71385 15738 6489 63762 69606 83721 14044 53928 7574 17990 26943 13953 48126 73002 49723 16149 83716 96984 28073 20353 44501 52542 72359 26491 41182 1602 10642 34989 82027 77384 94158 58864 22883 67783 48463 72822 39377 67116 76529 61684 54594 38056 24361 50994 18886 82651 49919 19845 6552 18159 45297 29566 84936 89884 61363 68014 58815 62034 23855 75648 80620 95929 65203 
239 250
30252 3951 57923 43262 79863 82491 40411 88647 21627 76112 48182 6264 41139 42799 21047 46467 76430 8124 31396 6464 78678 9685 57054 86552 37172 56928 14456 26496 7394 43596 29894 10023 38861 46802 73042 87045 43157 81970 6823 49254 35017 60441 67377 79250 96953 18388 81474 72141 76069 22763 28385 12590 14201 9652 57434 9627 13846 38444 81318 85799 37257 40647 73694 8028 39039 12093 73207 77119 85662 9601 77927 78925 29027 45890 83808 91552 33161 57779 62824 79784 3222 29744 52646 11677 46684 59182 66302 93952 54547 70958 73555 75755 12743 23884 93691 591 25172 49665 34100 58375 90975 31616 43821 22756 70724 84683 94806 12800 65444 7852 42997 22541 72609 3859 60867 44297 98334 18666 22891 97102 2109 12848 41254 54424 62208 72013 41298 51753 55377 3861 91634 93655 98761 43091 6799 21086 12770 18570 46359 20816 48352 90762 13183 66547 29574 5174 11904 48847 6923 24420 38513 6327 78152 95210 38758 71437 19509 62317 31131 25214 41506 34172 94482 72894 14685 31760 65602 77052 87639 82804 17823 6105 10362 81259 30449 63522 7561 24872 83600 93544 10392 34910 35995 41675 23740 58240 86977 53398 84383 18522 2190 16148 31319 59323 70647 74609 97737 99063 26506 27605 48639 49799 73382 77921 47234 71302 99166 46835 9242 33235 72881 77801 95309 8422 29516 8805 52620 74790 35576 52376 92048 27301 29312 56132 56849 50552 53261 81889 82369 64883 27405 78165 70739 93125 2433 86732 88369 11467 90021 33832 49350 83758 7345 10999 49016 57055 44210 68176 70840 90628 
242 177
1303 12081 23309 15635 16393 32858 57563 37570 78572 65180 45038 64947 38924 27769 94339 65383 17933 61215 20339 18145 49056 93575 12896 97427 14799 41395 92149 86359 33401 20383 55520 32637 37892 90908 92629 69741 12518 58919 59530 36540 61062 90364 92904 5609 12546 64039 70020 34008 69834 23206 56439 64978 36182 53026 77616 26568 40346 22996 47442 12435 43758 11331 53136 34971 67911 8923 60107 55372 33638 50317 53231 57836 11812 54731 29481 26544 10895 78544 53088 53963 79920 15059 19066 53320 14607 94757 16347 3786 45930 92933 43398 90570 48619 5660 25171 33364 84195 64322 54158 63064 5931 17024 33716 98441 29132 94394 71813 24818 6266 34329 80862 66289 6003 47879 61332 481 15076 5084 96781 84292 27691 88404 74189 59270 95296 4377 49756 96624 41876 9219 63075 81625 65278 97752 104 33153 91934 42511 51691 13847 55172 67593 88412 92467 48759 75252 49547 98423 26466 44600 6136 34924 81996 15998 40394 94705 23496 36417 85877 71910 84005 49174 30451 40948 78954 68310 5870 77582 63767 18451 93438 15689 69951 20191 3963 94725 96865 
247 218
15803 37784 302 73490 83466 27410 51349 17221 18815 92882 95742 7212 18458 79457 78817 9684 37909 7127 39952 21281 55451 70328 42214 84388 52806 64668 91819 41616 6149 9032 78734 67032 8015 19004 48029 68275 39128 15520 70382 23214 61103 7017 86347 98462 41484 62240 69548 28673 81081 77831 8576 84497 37601 18703 96077 14647 62659 37165 53575 4412 48023 72690 88256 44660 62403 38159 97409 98139 7608 33659 90272 33422 38304 46276 88865 4121 19399 41824 19458 17615 28519 48353 38252 73243 1384 30317 76569 55300 42658 70526 96541 22237 44359 60012 46338 31024 54144 61950 25173 38201 58844 64826 69260 36574 21947 55420 99985 3305 52535 53179 65517 77581 37740 42475 62942 43654 93517 27050 21304 39204 56536 95838 96904 83131 54973 26137 61834 28050 62255 76900 58993 17817 59828 70370 62713 25235 33871 56286 25440 78211 3619 78785 86962 82294 25232 90324 20787 47968 5372 80935 25874 61556 71494 31733 34092 54123 80824 56814 59424 77547 72824 8597 46717 51145 44607 89797 95473 34474 18729 59772 32431 84174 42805 815 25444 19161 50207 88226 51989 8319 69033 97344 57628 41858 45714 27107 69381 71517 67603 12310 51417 54086 69790 22133 54387 39403 1499 62178 40913 65095 99139 75103 20741 95328 25068 86950 15118 39421 25132 38948 82579 20236 58738 90566 91412 31926 25966 61827 
260 122
48412 50524 64443 64579 70524 82496 11704 6730 54310 66635 61756 88835 9443 17594 51682 3921 12463 37809 52762 53567 68236 68405 86549 49647 27525 55822 62180 24076 25205 43735 57144 70532 3929 73227 27633 51963 62047 13138 37220 66981 99690 73521 10140 41242 89682 674 89902 19439 44076 54152 14543 22794 25204 26198 59617 99765 7178 64468 97864 21197 2691 86525 15838 25980 66696 72041 5410 42913 74747 30965 77419 15464 73566 77965 7259 10482 27150 80632 83647 30542 92979 75388 75474 94800 63358 76960 95542 38457 81733 50256 50560 71946 23761 27969 6162 13226 23785 37918 77173 72670 60454 77187 50767 68927 56934 59961 50324 26581 36062 42283 56543 81046 1751 77740 58746 80721 89519 34412 36002 43591 35850 85934 
261 154
87609 5755 98077 20704 7009 28216 6465 52121 48795 79835 50670 67465 65855 58788 81265 54624 25106 21170 30350 40523 67302 65029 85235 16904 47119 37337 27470 37726 11021 27058 21104 46293 93370 45792 55967 77947 12291 75857 33720 51973 63857 85635 93332 3470 34475 99915 32097 41090 51189 28362 63633 90555 61199 94276 35484 58281 98532 30844 45413 22381 50089 92238 95880 33689 64763 64860 50478 25707 56973 67256 94871 49395 67659 96307 2909 53316 69652 74520 25953 66610 19209 56597 75048 31430 7969 83390 29809 9981 85803 20941 97670 27032 8671 40493 49399 99648 41569 62428 13277 9616 37309 47557 70775 99550 62988 925 61501 92964 11153 97470 20840 13486 83145 13729 75036 97027 39256 62484 2239 16570 69954 75020 67675 65561 10838 20012 53655 34862 86577 64532 81037 14826 18615 31539 45098 76015 15938 79277 18924 6831 75079 34614 89219 14323 62702 68446 50885 5653 55288 35446 82848 32031 46720 59058 
267 138
72857 82414 95675 11117 13338 3922 47553 57843 96306 54035 83976 84259 10681 79795 36043 52422 86311 58379 2222 12202 13307 17584 97906 9659 6235 20142 33652 73582 38499 83257 99918 8063 24705 44005 76193 4048 53298 34051 37384 42607 69839 99106 57570 15362 62092 69294 22610 48634 69870 22546 60531 83932 23123 26871 48658 66828 76289 93070 91491 11900 40441 22608 25617 58082 71781 76136 95261 14572 62252 96772 34836 59715 63715 9875 24354 22717 23838 25645 67394 81241 45237 65109 857 3211 26420 75635 14846 16810 39462 11593 16835 64347 14198 18586 95522 99989 44954 55670 57605 62373 14136 838 7220 23114 28969 98264 25182 27556 84899 91418 80151 16894 49082 54765 90054 58363 64872 57853 14000 48248 83690 3703 65314 81050 98535 99541 13649 57816 23525 84033 23790 32521 63164 72290 73960 8891 81167 13080 
284 108
32108 44325 592 54892 38866 27024 28920 50385 58208 67585 18556 26317 92924 96165 12677 14036 54480 28051 45298 41274 66120 42988 67930 95405 6279 6444 13925 21967 63448 95842 10246 51029 17526 53628 69541 74854 67713 68857 95515 96527 20242 80805 57404 60625 62221 70380 84547 4179 27248 38402 56522 73709 99738 7671 8037 16359 20239 86505 62225 29536 35109 48715 44936 99038 11687 51801 96584 29323 39306 82086 2989 78728 18248 33691 12371 41757 57178 70478 98035 56605 6583 10111 34571 49184 61412 79415 17974 95041 99307 33811 69429 72250 89660 29595 50505 17879 19470 30756 49601 53310 71454 72491 80011 8297 34238 69605 46768 47722 
287 66
29838 98323 74733 83956 99468 26991 88198 70709 16276 65283 23075 17174 6939 79448 36940 53116 69041 93572 97557 23727 18616 36084 65462 7926 34710 7472 43526 53749 55734 83291 47019 97529 13247 83110 80781 39010 27473 67967 73564 72011 27209 64273 1009 79618 89864 404 62117 80567 33655 53044 64663 87116 91900 78433 62406 32988 96943 12241 94809 77922 26629 53913 45968 77821 74513 82912 
316 224
34616 75062 47273 56212 77505 7426 96874 27590 87306 71260 48810 32542 8676 72022 1988 31953 41167 60397 81348 94497 98893 2137 33556 96728 94807 3179 84755 43744 48088 77214 49335 66694 77059 45887 85097 26928 65990 14244 20489 71317 74530 83034 28111 83915 3889 32457 45114 1591 75078 96259 91318 89386 11097 40476 88947 1333 37633 44132 54607 62644 73761 13679 66571 70737 49042 2659 55032 79996 20740 26226 77078 4095 61631 11253 18495 55697 94774 86660 2640 57317 95325 79323 9794 54039 16725 33313 81105 21621 58413 52354 52935 72445 74885 32462 7152 38922 32506 88578 32913 1910 20767 40043 76449 81878 36348 52101 53297 50445 38193 56351 79359 89781 27335 43944 54001 18096 28442 29640 55024 76573 37133 8446 50413 52317 80375 87682 59102 77494 6539 41902 61658 38150 10299 69617 23895 84170 94703 70723 39973 56828 3612 72918 73265 92513 11938 76779 84200 93231 37184 66072 1853 68985 71013 93756 21251 41591 47637 40782 15368 19578 21900 12678 49629 13219 47767 9030 28034 38603 76044 51018 71680 93847 98292 68083 80578 12078 45738 94063 48626 42129 77926 74448 90317 24752 30606 56026 59112 91004 7726 26255 44721 65175 99688 34360 29628 87109 9600 13769 17371 5903 19065 16497 4066 55689 11698 46041 64358 88757 48515 64904 20218 26310 55014 47075 71985 11376 51259 65157 68092 89330 45424 92734 19235 55874 
341 125
2310 19692 66431 29000 68165 4105 24792 43070 44119 89563 7337 20347 56784 58013 61447 12091 14836 35543 49397 91236 78504 84457 6067 19750 25010 7692 22436 49126 12710 85489 61071 22584 67848 86710 14780 30553 1748 22573 53654 46889 95907 75772 51085 74611 5364 60032 7179 92431 12380 90078 38255 71308 48060 72513 16991 98711 44657 63895 28734 48722 75715 28840 45193 51588 5833 87751 10858 21654 43371 68469 5531 7386 3639 19563 17687 74441 86685 21145 61612 43382 31210 37193 51393 65594 34033 3737 23600 73279 67863 36129 23903 43737 20099 48171 78848 21734 23306 79023 8588 63250 99303 84051 84171 27539 21177 84023 25253 37249 47458 26655 78635 92745 80379 14633 9595 29940 40966 44689 53996 96614 45129 41301 65482 14686 28003 
353 256
9385 87544 35388 47642 1668 55259 69096 73949 59564 35150 65371 56098 23293 98164 20903 83160 10821 41307 89340 90399 90834 85812 58926 22674 25781 3183 6829 88756 1964 12473 75712 86188 20889 78901 92492 33384 62519 65541 96767 51765 68276 78263 53865 35282 50290 48691 54338 7207 12823 27831 56449 13205 26162 55745 78351 18717 88385 18128 23312 59118 23433 91763 27065 51302 11624 17897 28961 14890 70760 81041 58394 63095 87328 74819 10423 50668 23317 28986 57611 48598 25970 55131 85571 88292 55320 62335 77307 41295 19633 54648 88021 75136 87548 13668 28248 9672 13001 32135 79249 17013 87713 68701 74303 7467 51064 29519 77300 95951 10986 35599 42525 27752 82217 69709 91003 7416 52503 57262 90831 61341 81900 47141 21470 22716 57807 64492 77006 21657 28436 39793 41905 48945 71924 59347 39723 73425 73700 10798 21683 33515 34515 27124 37745 154 54969 27826 66686 75235 56196 85995 32760 33850 75589 81708 86185 57051 59698 95945 28208 70227 71963 75831 23355 47301 60597 96695 73347 93755 35001 44755 68798 36792 10240 33499 65828 86444 21879 25389 73018 52492 66040 20866 26590 33160 50065 4043 65501 64556 23080 59574 6750 96344 80761 73537 21653 92383 94228 3064 87554 85965 4371 12206 28672 73475 85602 80821 81645 14708 27562 31736 59596 56746 99089 50172 59490 92865 61336 52695 73808 96910 33950 61734 62647 8851 59949 53791 20602 69453 78326 18627 51343 36460 77330 89309 30574 72868 32867 55321 86729 79668 86182 92165 52685 11594 53259 18165 94030 17844 65624 89789 3827 92237 34430 48355 49652 11295 
388 252
3461 31811 44768 49918 65226 54576 59710 82331 49319 99583 94279 97674 52557 66574 97694 10357 55977 63183 42703 95677 99901 27465 27547 62365 76667 30457 36822 27445 48527 49290 85201 13316 29478 45592 51399 79298 47226 49504 51364 64677 20092 93525 18975 29056 58766 48393 7493 15590 71832 12451 20635 35881 71887 74869 17276 86294 65863 31107 23608 23913 54998 81396 48850 61910 22598 26517 30475 18280 82837 2761 21060 59210 6821 67971 69939 70056 75326 60317 81465 35610 82282 68297 73715 85862 4489 13506 70548 98907 95186 11725 23410 58501 64354 66240 14841 15126 32186 41931 1412 16173 17008 40259 44168 41842 8681 57931 99630 13268 31535 53529 68315 40030 49704 89840 92595 1541 22214 64794 94254 625 5727 7323 18135 29655 37529 58979 67259 91344 266 52882 94816 22121 27340 59080 38755 45795 45914 84480 50388 44144 45604 40993 62524 69778 92285 93338 16193 1606 23689 30423 48317 98284 19404 22204 62886 74327 79939 28575 29107 48415 85210 63664 86879 2308 52000 69348 66801 92035 93179 61861 47393 95867 98074 50449 61736 83806 9096 20080 89044 8844 54665 63378 83403 54966 77971 19113 13000 17807 22271 82355 49999 81831 48976 60076 93929 99552 19050 23536 24199 83233 84045 91141 2986 51781 9414 11178 15906 19673 42326 73503 88796 11047 52796 3410 94086 10139 28112 37436 80919 83683 44257 68246 5246 74993 41425 85815 77055 14480 74723 13701 21680 92972 22177 51548 19276 92077 34467 28276 86307 13239 37520 87197 20848 68977 92217 21869 199 14240 83751 88705 37198 82515 
389 8
42645 87322 87814 92205 25255 72147 9305 68097 
409 314
21891 76095 31796 20668 77585 57217 81651 29017 23417 81702 26615 76644 77138 97261 89061 2883 51444 71675 44857 57837 78068 14043 53489 79484 91208 97430 36917 59498 1774 4416 79479 94911 37566 69464 32167 95446 86700 429 70347 82649 56032 7995 67752 71220 77904 6958 61561 61069 10958 14823 81533 21152 50063 69052 11681 42760 58197 22221 55948 1095 68300 63318 72795 83802 69238 95121 39598 55244 55574 57367 71038 79881 88829 56123 17338 59640 61656 14107 52658 61189 14052 42773 24316 62941 1468 16131 74574 82423 26446 41360 78715 13024 32856 36305 42743 74465 81744 85908 92444 41181 26107 41545 4372 26441 24545 25769 91062 39753 50308 62334 89275 67804 81176 73687 6710 81244 16011 81784 28504 8789 84978 64573 34597 49121 20044 74784 30535 46186 12477 54452 88837 71584 10185 13684 32474 48054 18778 47187 65002 91079 93442 98740 40129 53958 22768 28384 61959 34274 92558 36851 39991 35582 61932 99017 43716 44931 91818 9791 19263 79839 12257 2162 38807 70989 43082 15187 81585 9930 72750 28988 86559 6914 9228 51050 51964 21187 97691 30239 78587 98713 13429 41014 51334 74988 12588 19472 49363 32963 33430 18381 99513 33532 88188 75408 88463 2829 29695 39801 90997 42046 81949 77559 93088 45372 45676 64966 2004 73984 87441 8572 30851 56547 51178 69730 17062 24087 47527 84829 3512 50335 99931 23010 42112 53861 86152 91139 1692 32930 430 24564 55493 69202 12086 20427 73254 33860 47780 56983 90512 15307 7653 41722 16322 60357 69833 4045 72293 88812 67714 12812 55166 94696 96458 82997 24224 78387 32844 66371 9512 10597 17233 88533 41285 39022 17445 87963 24066 5187 15512 40826 34036 16721 8865 92779 84879 92744 54634 74057 21758 67787 69565 45247 26953 79335 61181 34353 3947 69100 82029 56527 58202 89188 71982 67726 6955 77454 46700 87266 68954 4655 7479 72765 10017 24022 37700 44114 45793 52795 89489 34038 66652 88644 3429 51925 
434 264
552 20221 23967 33939 39404 56980 30964 39860 45491 65036 14221 23843 41327 81509 7937 9070 38702 73217 73352 73545 93946 49576 57593 82090 94308 96466 9530 70021 17685 58706 60088 15006 90380 94991 9513 35969 53170 74085 95269 45942 62042 75619 81626 550 77485 83537 2325 40416 59356 69856 81458 87540 88426 95683 1851 21773 29484 37164 42016 36875 87009 93810 17159 19901 84843 64738 4659 28695 30437 54879 1225 34237 57190 71552 73384 79709 98732 16681 24467 29345 29991 45369 1821 60565 73286 87651 88032 38594 39863 78071 10632 57572 63982 67810 3661 61512 72215 17927 29307 94948 97733 17424 41287 41509 43814 46078 49313 69785 75313 2188 26600 60717 64553 83076 97758 252 12648 75372 86697 11988 27999 28030 32239 32778 45441 78746 79810 83929 96345 74675 3687 17325 23029 42269 45962 26593 34823 37286 49443 62981 81577 83009 98246 5116 17998 18293 38834 19804 25944 48455 61767 70890 76196 94730 6851 46844 72766 91403 56047 76381 3731 14756 15702 21902 22509 30224 49257 54535 58856 70293 91817 93214 24428 30373 39905 7819 44970 50016 80389 63399 86353 26699 33371 80877 85864 90671 3339 6441 15993 38616 56729 92603 92866 7411 13520 19210 35441 48548 96287 80803 84462 94287 12129 15352 61530 75628 99272 16503 92248 94638 1379 25975 28719 39734 97068 26157 34658 42206 82972 96955 21675 46529 13722 83166 92193 26302 41740 27667 51988 9818 31934 62794 71459 80166 50409 74507 87998 60952 20134 68943 84054 8095 31166 36363 49095 72747 9418 42063 3321 6803 51431 71846 89853 94620 21321 60438 99924 60684 62250 9135 30764 69138 442 13555 
446 48
86761 50371 63509 54707 64935 75844 94051 85814 63441 17419 14102 50844 34464 16893 38954 25943 70641 75956 59834 86261 3798 16606 75278 65760 90886 90892 25224 49528 69379 22784 30277 58894 68444 28867 41555 24037 19547 22858 16010 42685 68673 39889 60158 69194 15763 94775 14790 27613 
457 130
45728 46019 65469 39629 56764 15766 36602 84026 37857 55601 46511 60801 99803 5175 73734 25329 53983 40738 57737 71977 13745 37914 99884 97743 14012 31240 77704 55932 25344 36551 64305 65851 66228 23139 12956 43541 56805 62983 90222 41148 15712 94621 20776 90869 38729 41357 95480 19706 2848 29148 56058 77898 77629 8367 42788 12694 18584 50326 35303 9843 75060 6770 69736 48132 55466 63807 85603 90686 83483 67953 94865 36318 70995 14473 95789 40247 71709 86791 33174 38978 56680 79382 90591 3510 59420 22156 63998 59089 49421 53209 39108 83337 48609 82215 58464 75686 91218 30044 95610 13166 73325 42820 78578 83112 96488 57279 47285 10110 7231 89035 4673 57861 73662 83666 20180 52390 77667 77908 92597 20043 61766 58625 31513 50202 51680 58344 36230 61506 52212 84659 
466 104
26054 82386 90184 96883 97793 5996 99743 7458 53641 24280 60019 82273 96573 16246 35830 64252 30477 57744 29335 75741 8552 83620 12493 42356 51001 79325 90305 23172 85630 96656 51947 73483 83461 32475 44384 10026 15661 32487 74395 74556 25581 11309 25850 69842 76 60562 36330 53686 60901 72092 73683 94426 12304 45939 51610 3496 26224 66093 89911 31218 40953 78271 93137 14627 18932 19394 34354 40513 53269 53610 59723 75563 57304 72506 67346 69212 36138 47909 49680 2026 18876 20998 21863 61006 78329 96739 30906 1578 7678 13640 68663 83990 7826 89485 24853 26234 70967 16848 20028 37797 86972 24246 24352 68182 
470 150
97134 52941 4739 47552 76287 96922 2952 40562 66065 68060 6059 20243 72165 29888 39779 71403 73642 97016 56610 24654 45501 19637 34015 66818 99033 1294 49700 27285 29923 44759 86355 29591 96733 40558 76275 99797 25638 71423 99169 69477 71592 79091 88992 71089 84852 33644 43829 76388 82173 49371 51742 99692 46062 53114 72981 12208 18965 8972 40887 62538 70169 3173 68845 27838 35390 72365 65258 45637 61197 23713 73491 87378 10103 44708 60510 70961 86639 47314 86652 2771 50 97813 7711 7944 66105 24114 81322 5407 3151 40972 64898 97139 11719 80759 57318 17752 96202 44864 39516 82703 60192 49150 52660 64339 90154 29624 11218 86860 2902 33382 63685 71466 44639 93677 33774 2396 11143 13620 14963 58266 33447 15562 63672 86441 50898 61464 81370 63356 90781 96977 10973 69519 72326 79942 44547 21202 42094 75447 93021 27851 72843 78467 29679 30532 82742 26406 80104 34538 90384 10089 
505 20
15780 33121 33501 67832 90938 55833 93382 2670 21682 45980 70490 75368 89117 92781 41111 65567 16216 19729 56688 67152 
517 174
16119 21064 79903 1134 13249 13378 17765 36743 63062 89654 15493 17361 31615 84686 10592 12212 28490 61240 86082 17726 46864 65198 77845 5506 21292 80654 87529 39722 58693 22693 25926 39820 52724 8629 9407 37956 51871 90381 54801 21468 52195 99898 1112 9061 35262 62069 63774 40657 75170 75571 54590 70190 74664 84135 7576 58534 76363 9614 16683 60605 77416 49472 64115 30505 33275 13730 56919 57672 29414 39759 79986 98293 13291 76208 11140 84731 16633 63707 7737 25319 54562 62664 7508 86763 94021 47182 72703 23933 32806 96179 17930 39161 89252 2850 41240 87118 81391 91843 95768 31182 93941 70922 37873 46988 71446 98606 9895 82262 96671 6633 55846 9097 21928 2705 34732 20936 44867 47697 76369 90615 92614 97847 63198 69962 60839 10470 34283 8133 27322 76031 97798 13812 21666 29108 72499 86563 48262 67654 78692 24935 89577 93385 970 5812 9541 35008 38787 39411 83523 86156 93359 1963 13067 2359 45691 20187 21950 23240 43796 82782 94309 12607 20577 27397 77007 3940 35518 50092 95308 11155 1654 18338 44699 59091 
566 270
67314 85408 12157 47370 55955 93222 31871 4269 42859 79350 86104 74083 88139 64084 33170 84881 75113 13058 46658 52612 70364 89540 57091 93751 31570 62017 13036 24020 45976 89339 10914 55920 79072 83262 88308 32469 44570 21166 51309 87115 45995 37223 44497 53186 52344 23102 30456 23414 29173 71595 78842 64462 79347 65214 79723 43804 11568 14459 81209 73131 68212 27138 32918 80431 2562 10795 61947 78644 67466 67835 34835 38700 49591 60690 35619 68134 83077 21511 44515 70821 77085 55272 30784 85576 41275 4776 19485 26796 53576 92224 32884 14401 43912 49209 83153 26692 79809 76704 7865 93532 84436 17664 12567 36530 43760 57183 12161 17162 61347 28807 80915 15174 61622 89359 41416 99075 10859 86903 89054 2696 17155 23438 45383 72086 81981 93334 7294 53615 89461 10252 38833 82565 26337 38845 13588 55965 98228 6814 6201 18260 82463 17678 97495 25196 29537 50364 86373 4596 75134 58 38343 62033 76846 48137 17797 36108 59085 94733 5854 49086 53685 84832 97940 74904 52544 12082 52841 65566 71953 94034 39586 55025 90698 67933 76602 24002 40963 99039 42756 14435 39313 41392 59066 70584 90315 74061 31833 98614 39523 83768 79702 80697 16914 38264 58922 94815 62935 68975 79782 14134 37734 32065 51660 25775 74626 89095 17376 78805 4985 70079 967 54034 54256 11029 83308 75390 24154 34779 71949 14613 85866 66836 16165 94965 10603 17968 71764 8829 64831 56063 86163 86022 71632 14046 16318 34962 58455 87725 33046 3721 48711 912 34484 23224 75673 13716 81532 89825 92906 1450 64974 71482 14515 67760 91797 1340 13037 35763 70501 91343 37463 80289 31234 62445 904 63239 48112 53337 8392 60113 
589 246
24998 73050 88561 99351 27971 80723 35334 26432 26726 59396 19296 24202 32802 49481 80118 1387 15850 54540 91453 44684 56815 88748 95370 97254 29578 85610 1713 26858 37701 69083 39478 41329 51581 18103 24555 25797 27235 86664 89727 22259 23896 26708 5394 7514 10096 28380 33557 76965 23168 33335 56682 34843 39026 55646 78182 98320 25650 15494 21280 10155 19602 66118 81904 33851 17210 40989 68290 84340 95602 80544 46283 20960 38491 42150 80367 91183 6892 25761 51955 64925 16872 51561 64602 87732 64380 80585 99804 11910 29561 31707 73655 6292 26814 23286 57674 1338 14108 74655 53690 86609 8825 8346 74794 89270 69134 33453 74895 86215 69332 27504 36834 39151 84320 12187 74038 74384 90273 47544 64698 8568 13529 18283 20362 58812 63813 19501 80923 68456 27896 46678 10561 31254 70814 87414 19512 34555 48958 2178 50838 38593 29856 58847 94334 11558 66436 63491 23354 50217 4200 9004 56431 34344 62736 15795 88652 2697 22426 35471 97120 52883 93577 53031 30777 46694 4358 8441 69490 93034 4745 70761 8365 15197 41428 53303 85332 86756 65844 91130 10643 57667 89288 94360 37076 14602 16394 29101 3372 70208 77942 92377 60728 5096 63004 64304 89920 99599 69578 1309 95374 53823 32912 18364 31850 39716 43914 49895 61183 87774 96546 6004 55101 77698 90200 19097 88805 55435 95646 96078 82038 45364 578 14270 62343 80172 82720 31228 90936 30349 31851 71441 45027 54166 124 6538 16197 70766 94027 28066 33711 4755 37946 63980 65843 90844 33165 4491 
595 80
11463 77955 47506 53332 87934 27390 54532 71031 76429 67847 6037 4097 20137 38177 14680 83310 95259 43921 21732 53101 66043 23656 15117 30988 33576 67658 76269 30121 87655 14381 27858 19437 4061 78573 31969 31554 79101 83454 74538 48493 70489 14502 27503 56201 20054 76528 93378 20235 15449 71947 41229 41320 75796 45935 53774 56164 88482 31613 83624 33320 25378 93688 65518 12966 45036 52270 81941 28662 971 46209 37648 31462 35513 12009 69553 17275 82947 28288 58946 27870 
617 143
64216 55925 15034 54691 16478 31224 48062 443 1669 56382 91226 87822 27411 23676 29677 74648 92168 60075 63485 91753 88416 32294 98582 58349 96359 84275 18945 66197 48802 67504 11179 28640 22342 89065 9492 73403 83352 73070 98468 63859 92327 41736 44500 62705 80810 82787 88232 1019 99380 93064 2017 13099 67129 82448 18632 67176 70800 5846 25354 45274 47970 77517 53397 72192 17535 61641 66847 79927 30480 36005 50520 7748 21742 87173 46352 82160 63073 51176 81469 13211 69109 90517 90880 64890 1378 70918 8060 45089 87018 19684 58899 16674 36187 44617 1027 21658 54887 46577 82313 78794 96265 67825 79773 37072 80429 90373 87602 63264 89474 47265 20416 52222 57328 73106 75654 18756 47706 54414 68385 79830 34470 54614 52432 35875 52131 32691 73764 79812 83218 99261 13889 72919 29577 73699 15267 80201 73010 75285 15380 45916 42243 53950 34187 
621 142
35347 42834 69942 29464 59137 87891 10314 14945 62728 11658 44369 74365 79550 97675 92844 36955 10207 32502 44180 86758 3581 11912 37806 49643 73458 80176 96434 11388 94963 30679 40162 59357 68180 13329 18544 36951 88607 57616 19178 20176 72711 27406 70746 83292 97574 17618 28150 64389 4060 16916 17256 29006 49015 7371 15760 27046 7938 62894 19974 81850 7987 62258 5414 2972 15370 24408 63799 71238 77713 9316 34427 35648 80153 89626 417 48620 76301 77145 1424 16875 30146 38522 56215 74671 76214 10092 84362 46257 93230 39908 78830 46399 61194 62913 25049 36702 82408 11054 78274 36942 72450 85619 33052 76514 26008 33030 64773 64817 44063 58237 66600 70858 26653 92233 23846 45311 79689 79936 3598 70063 356 20214 31672 52696 54942 78811 88941 89625 22673 57757 79753 32792 45606 61496 40397 64587 70716 84410 29210 27742 48987 63817 
633 4
11187 58772 44679 64010 
639 134
28779 69203 99960 58065 86254 90514 45638 78709 96375 623 5688 30264 56747 81524 94692 11039 14774 19503 4396 16572 28756 70178 89702 91466 10289 99244 59326 84684 85751 4120 11164 59319 64742 65303 33656 43892 45802 51534 80932 96254 5011 52194 53212 77328 78601 80187 6931 22478 29471 43021 81581 31879 50607 92505 4212 40135 50274 83395 36132 46480 47031 23047 92307 99589 58068 99724 59389 9427 42884 63848 80495 58858 37927 66012 98085 10590 15632 19424 41045 48366 74471 92596 34370 50693 90141 54810 60270 60513 63925 7184 21996 55463 97827 8899 66150 9651 9723 47771 27191 28164 53595 82192 58712 66548 10718 23045 89866 90041 93040 96019 25958 58465 73705 30251 41636 64385 97890 97712 810 20475 48194 53369 88517 19964 27921 58947 17616 18023 81243 83590 76277 8099 52143 57234 
666 272
56274 87670 23125 24518 57976 13755 39342 59445 69491 37957 48396 60544 41051 91115 420 10715 17798 23132 61691 23574 74317 26143 49626 52227 55176 62423 84378 25733 56441 59111 52916 68343 28978 92229 73969 81780 87545 23253 64087 90858 99663 566 24655 27029 30108 4660 22382 34856 39064 40208 32086 76481 11952 91012 33246 79500 95354 10894 11365 47961 15699 4836 40485 55747 55899 82117 84569 88510 93417 8056 57452 29116 53738 60957 75472 87288 95404 14911 34244 30260 31859 64405 89634 18089 81841 1053 33194 62654 93913 13990 46108 19166 26395 53622 74319 34299 35965 45254 56261 61593 87469 13519 28317 30581 72718 24068 24436 31756 60644 99150 25611 49410 68237 76713 77489 34102 48750 61015 69398 91401 99247 18885 79361 84849 95533 96324 29113 54500 58109 5977 15866 43246 96111 15959 52939 41489 83230 87188 55476 12201 20556 53000 64673 72044 21572 2000 9266 61522 61989 77019 20799 24674 81534 10263 29993 89381 28319 40285 65775 72230 55181 71411 73036 74017 48753 33290 59645 66985 99193 7484 13940 87191 74203 99124 9056 27174 27932 55546 82891 85731 1430 2304 5184 70417 2399 15194 27639 78908 85679 88716 39033 65509 90896 99947 688 27051 93129 5929 19884 69208 98949 37821 69811 78729 428 16437 17109 20934 16210 49356 8756 40803 57650 58781 60149 89590 2270 4289 36155 75192 7113 38490 1743 63591 32399 22492 27232 15171 31521 86831 29682 67443 81181 36957 32663 65332 536 33312 65785 99819 11696 83712 13453 78325 54245 22132 30827 34222 34961 36773 38505 47120 90692 257 10816 75260 38941 70618 9893 33944 51363 59471 96835 98679 36054 25126 35077 80760 54481 8753 14389 36981 
693 254
30684 60467 41089 81102 94340 12266 12319 53365 30795 48289 17224 43615 52832 67337 56918 91042 5360 30820 60175 65521 80884 11211 23668 34691 83731 33369 66512 52773 70560 82260 82467 86853 66330 76155 57020 98906 75524 85915 2504 53292 58633 61414 60327 62239 87503 5787 6590 71761 1205 15965 20824 55327 58080 74155 89511 96462 11274 58046 9009 37676 66064 67235 8238 68154 99576 49212 14917 85744 20583 20757 10722 38194 89362 9606 27815 74536 2796 13155 65292 72048 34439 23252 56867 60682 47203 49179 50796 85163 36625 20687 76111 93992 4160 42924 41444 63838 77227 6518 24881 30026 76471 85916 45681 8933 48721 84453 96339 59543 86304 2650 26980 50769 83832 94565 21018 21390 39707 71666 75338 36720 1246 19985 41753 55158 93993 97042 43868 93094 90534 14183 45726 5134 21524 51919 78558 67797 72883 76591 90395 94630 2895 15291 37323 66184 94293 2619 41732 86937 52931 73751 77930 95614 63010 84807 91232 72987 41211 84380 41661 88479 72433 72888 77546 15082 20907 74403 83826 22073 22224 81012 93822 39065 89166 95671 97329 16791 50351 69566 88038 96004 39419 33305 7741 22021 24595 69646 78385 47074 26042 87679 4627 35326 71702 30803 63193 71703 82295 21749 91391 28502 72546 10684 15970 36752 52336 62891 89795 91509 92531 1547 21965 64113 88959 89259 17982 22705 99984 34799 3 19076 81746 92064 35033 56789 63543 64537 73636 4787 59026 2962 10318 91756 99001 18669 96365 2945 49392 67840 36504 43430 72961 85955 4943 40387 15588 60186 88868 98654 29280 69547 83094 77815 2482 16018 
715 106
8722 42480 49200 64564 98414 9473 95311 32407 33559 60619 94081 10793 31590 44997 62384 22316 34670 39314 55834 67548 71906 11675 60881 72864 76954 27475 40793 57894 62125 72776 52681 94284 11997 31346 35663 59042 78721 49202 79930 1482 17713 39262 60960 83966 18286 53923 60282 71671 95589 20035 21286 32342 42084 58962 65955 79487 19416 30168 37727 2074 41471 66295 25427 34225 2257 79696 16734 56732 96253 9597 13076 37959 51726 3316 39767 71995 98014 18706 24276 41291 48923 91475 33960 73145 2216 28169 87852 90971 46895 45137 50998 73924 30134 51873 59607 55637 98694 4790 43722 75946 84482 20754 69043 11360 34573 54117 
766 219
20730 13423 41945 91152 30359 12525 82842 16647 59852 5817 10455 13161 36565 94891 99534 13275 29296 47594 82935 76055 77959 43542 55938 72437 42794 80174 77010 67884 85942 39452 2351 41210 91210 68029 71879 80999 97422 32877 79512 48697 49625 93740 26969 27604 41987 9565 47890 1328 39323 49738 51723 16532 28107 83482 27297 67173 87947 94727 30976 88523 31124 32596 92112 42392 86128 45623 1451 74392 24788 77291 88128 27031 79661 61699 27496 82714 11504 4500 17996 44140 79972 35111 96228 112 2043 61054 79952 49083 66494 98970 38391 67325 56756 7518 86819 99848 8546 43813 13442 42517 38663 81828 11403 97029 45221 79310 95125 13700 16429 55102 33588 74290 49751 99662 79581 64731 38707 49593 13516 80068 12929 77390 88799 97777 97704 18024 63549 24278 56880 79392 54917 13053 75811 66293 29791 31126 78242 52328 63679 85601 5669 81663 67582 64219 73890 95298 6543 99473 86303 87919 54559 55886 1386 63677 93067 20685 5684 29885 17645 16015 69004 50382 44060 86167 66467 87394 81631 77966 47250 13631 41821 39354 64463 92093 11519 99082 90301 81673 11485 66777 6262 62725 5005 17954 41547 62321 25748 89028 54965 61680 64562 51895 53023 81106 412 73631 86502 99138 13909 44778 60519 42817 84390 58670 2949 32477 73137 40992 85118 43852 91985 67043 80897 54843 35551 66599 68741 55518 73399 
837 232
58029 89298 66825 70953 92459 898 51683 5304 956 17921 21959 90553 12501 20446 79165 21137 44401 1594 43458 48789 50691 1878 63929 11564 18698 73229 98502 4792 13130 60754 97435 44338 495 10862 23353 27241 19536 45430 77226 22630 21443 88171 98306 11370 16628 48196 76837 91231 94665 69739 97548 46354 41310 19675 27141 54311 98567 10277 56456 83188 91767 26375 67751 46275 59706 23623 7057 38670 92940 96534 2915 61865 92994 78959 45434 30591 1122 49023 71205 13083 20574 4837 74175 79707 29293 5786 23504 33500 83044 24633 612 71071 56842 67098 70593 11742 41879 13898 50210 91582 97140 96405 61892 68036 87358 32702 81677 58071 15750 48148 66754 93078 59859 42727 78701 355 51114 43810 70284 55887 94788 58329 90032 46555 96610 30828 46153 74915 95013 70740 33359 48007 51636 83813 73112 75930 5605 77342 96821 50729 38925 68313 8599 56369 87235 4815 73574 39628 68622 42295 75348 57139 38610 66520 14883 37310 62496 22963 82104 83868 88425 10763 57382 57901 10845 78651 91615 12611 3746 7963 90920 1739 25107 48670 11304 69554 92662 81051 86802 28790 91700 12340 21885 31593 33031 27533 74204 92955 28190 50131 66399 89724 5872 6531 11713 37465 74388 36856 49924 62416 94440 7818 51750 98121 93949 56875 17223 79846 83693 76839 87026 70113 22788 38793 97636 5398 38126 54520 17286 46699 24253 48433 29634 13698 68011 77050 7102 95398 27414 6768 82711 82721 
861 72
12999 56830 69364 77091 94656 15899 49027 85255 92297 11633 29901 37454 54045 99874 43124 33467 44333 68001 20136 22347 63122 50646 68598 4965 17641 20104 31725 37599 14253 26954 49401 3939 82835 81346 3762 76856 42844 65172 24948 26037 86888 88990 907 20530 22282 63935 37902 40209 78449 9267 30006 99114 32110 46104 9160 22625 29512 51887 55898 61597 25710 46552 53167 80329 97088 5336 18772 47484 80991 49558 93376 67537 
865 204
9900 36263 10633 6753 46326 4923 34925 72680 7210 10177 23387 26686 57526 2233 5266 63613 77576 91612 27800 47824 70596 43422 78661 92735 35999 72348 97845 85755 4270 3123 89839 95358 61374 67620 96752 41362 99422 7764 49135 78313 54782 58949 5858 53150 66208 75026 44641 25846 78140 11003 21719 46839 67934 70551 7571 67327 9661 51861 93819 42914 96793 20182 27361 46040 64857 76394 69537 93815 34957 39037 70769 8984 26378 82887 45116 19177 98783 74398 17041 27637 61715 74573 75553 13386 97547 93294 132 7073 13416 24526 91122 27472 29247 19904 36253 80742 97413 1936 7722 37831 50073 76606 96005 3684 25313 86482 30912 74110 93799 48618 93581 4477 36658 29548 63626 37410 32215 23930 16079 62091 50300 68256 93930 10270 22524 7401 40015 39165 23545 94431 50160 71948 84478 98668 63160 25745 91940 46564 53534 64612 84958 92311 29276 27614 41411 42700 38767 58433 3739 16370 18658 23953 88134 77549 85753 51949 14730 77445 17446 60916 17938 56002 30376 87823 410 8194 91703 47666 57627 90228 3259 87468 90440 23173 12289 45776 55005 79230 55764 16262 29529 44050 75970 19772 3271 47830 68077 2261 80624 99580 6749 44871 29124 64464 95324 34485 38470 42245 10491 26256 56571 67838 46029 65558 
903 180
29857 56152 66008 86647 4682 8115 48021 52736 73672 90595 16192 26703 71306 8590 8640 63215 77051 87305 88957 95381 11181 27043 31066 36948 75081 56592 90508 48933 26035 4557 97384 30029 74249 79540 90171 17739 46538 55297 83824 10888 18040 55191 480 16326 55415 72014 70006 94869 2959 16037 31280 71473 86527 9785 47216 59119 30332 93514 83923 9052 3258 24940 68664 85246 43208 49451 64343 8437 35410 70633 50467 53982 75827 44220 87054 7336 13661 20379 67393 66021 81943 84898 71350 72731 50683 54030 59152 77537 41037 78150 25987 51675 5843 11301 14570 38929 48210 35716 23902 52311 83027 79990 34679 41797 35038 94683 9304 95461 22612 58886 46621 76061 81725 47586 53253 65403 99280 40390 99567 12668 40025 71056 46176 92008 89495 63445 85990 98177 99366 23019 79456 5373 23784 85551 15673 22989 31978 66922 71050 80360 4707 63443 96513 99392 94163 1448 59970 93274 89627 9604 10271 76409 77877 86003 4221 55162 90435 15534 18463 24754 34355 38888 43825 66425 2126 13594 45799 56929 77519 99799 42545 57938 66336 79211 6959 24845 74026 85153 70441 84337 
927 186
65599 79777 93871 25471 43855 54977 86276 92830 6197 6951 73971 94338 36811 43686 46747 48319 67656 74348 94007 19455 63072 80067 75561 90601 97703 10923 66225 69371 50173 57210 78267 88360 19614 29339 17154 75323 40089 47639 88860 14805 59888 71180 27615 83842 24223 48808 50330 64045 93225 14112 93110 39978 92118 96156 82989 91972 99777 4529 24110 79203 30318 44072 57993 87815 11617 21025 50386 77313 4052 25025 64572 97207 44195 44395 46045 2665 24636 48284 53176 95672 46277 86630 28613 46853 82023 10834 42531 58667 81293 17745 28818 26138 58506 60090 96142 49782 69799 82152 94570 80283 43436 8598 25006 80839 10214 87835 14928 68423 88087 11590 43867 17421 59024 59147 59316 98234 24891 48155 87057 21926 51510 18919 36790 44109 59579 60571 15721 49060 78703 33555 41742 73014 17631 55757 43284 53455 40670 92339 2015 22943 27698 43778 49891 55724 81151 16320 28956 61810 8231 22995 56966 60064 66939 88658 8921 27047 34625 77391 21175 70394 71131 79283 94856 31506 54893 58992 10027 16397 20036 46442 50711 58513 55744 55894 77042 14813 15184 39773 64276 50888 27220 69740 19658 31220 37658 78056 
933 248
7703 15611 44949 59202 97701 98420 83803 29457 34648 88981 98281 2984 16635 82372 92206 5487 41810 86813 2354 36889 49379 53273 79214 2628 13576 17583 78548 30055 43863 50475 57856 58133 78177 85142 86809 35998 64106 68963 69760 84526 507 74897 44825 45635 24690 35232 49826 74485 1969 13256 14534 16535 25680 81264 89451 55710 71009 16591 25751 79580 53370 56016 79080 20782 44147 77366 96260 17404 21350 28523 30867 87422 89440 13102 51416 91140 9421 27609 52718 5972 61226 76326 80170 31650 43114 54531 9227 34133 82245 95916 3626 65199 66581 80008 86524 64533 99686 29729 298 18531 58978 59870 96250 97523 21412 21803 37159 44776 4148 41394 51917 88258 96248 1732 8349 19972 46392 85413 12995 19965 90185 31426 43459 46561 69144 32659 62003 70134 94490 3864 7503 18915 79065 4437 12904 14189 35983 37009 47240 51900 82377 60954 40650 11514 18035 71054 17923 26087 38909 716 23442 44128 62704 71809 10773 95062 33394 38157 51230 27446 42892 14278 22917 41860 71951 81931 47264 59522 69291 69826 63268 66377 81644 60479 70297 80819 86705 29428 43263 74613 47037 58649 23062 38217 75046 81412 39671 85145 88742 55767 90905 23899 52910 61394 83280 14111 42701 43099 56874 17481 57163 61184 77070 3628 40075 57426 32328 66284 73963 21465 81745 10962 67669 85461 16230 37524 58977 69917 75611 5241 17700 47480 88114 98467 37830 60024 24419 67647 64041 29057 33376 98220 24513 26855 36149 68389 80 27263 44763 56974 92815 48139 21898 28307 74810 96214 74970 29920 
952 200
20834 45257 67080 99864 20324 31021 52540 55663 65232 80613 16087 4021 40724 85057 92713 94985 24656 51486 51565 2426 38372 38562 77542 8022 35942 96224 54772 77252 93085 29812 57751 96444 75847 95583 85197 49870 52577 59229 70126 4916 11990 79847 23548 15871 2974 57635 74158 17244 29513 72024 87169 50821 56447 65031 76306 79400 89078 45731 46856 37101 83249 35586 3370 5089 28104 31347 39418 61200 84608 86386 89206 31870 4142 8553 21813 42504 88643 62294 57540 89017 96215 25058 20130 60351 61895 88474 94055 37697 42667 57978 8083 90400 45009 65081 95841 59853 28500 80570 91798 2537 24744 75311 78509 96862 62322 91371 22290 63693 93996 88410 90665 8813 15868 51733 54534 32704 61829 66566 66586 77128 49338 57063 90656 6613 11160 50143 17720 19450 90556 48886 67051 76307 85800 89395 13321 56843 79524 16189 41993 91975 1080 32261 38772 96237 51524 30534 4971 12847 14086 32577 14820 22369 41632 45572 74563 77695 79155 24740 75696 12629 15463 63602 64401 90223 45002 96239 3946 96620 277 11072 11795 60811 63790 12486 32359 62232 85189 95132 52169 67449 95494 67950 89248 50444 75659 69699 96269 14329 81159 95026 99076 10538 19488 64107 74191 10076 42133 62862 49304 56269 
996 238
31676 45258 45546 64635 76443 8456 45724 53602 23071 50817 71149 91730 94633 97963 19295 5280 7589 16102 19491 49761 62556 83202 6112 78192 90722 33988 45774 94278 42530 8262 21200 47138 58148 29213 59896 51200 58250 66033 93102 18402 22326 51812 68897 69664 29552 41670 49959 97915 27010 42085 61805 78346 15127 34859 76858 92464 40798 54757 93733 99730 35829 49710 93884 19314 29674 52135 48102 77094 98002 81478 84598 93005 4390 22653 49977 65885 71491 72655 89714 99120 25093 47293 52556 59541 82332 35794 50692 69546 7660 24782 29555 33023 41023 52294 96114 21591 74386 93497 51613 73323 1173 10618 17582 44426 22383 34603 53516 67143 43946 63934 86374 7783 56110 70570 43105 78256 32731 61314 79989 60379 65604 79609 86079 11093 45957 68114 99262 13197 48052 16874 54651 62279 72047 79330 85318 95724 50612 92018 7099 19653 46336 97284 20307 75190 83339 15637 31976 98678 43996 56337 25433 40012 79254 9232 21149 78466 86267 81629 89534 38675 49790 76505 23160 44291 27623 31795 43730 57427 82588 97970 42317 81075 93880 4064 12978 39353 34939 64212 78980 3206 4649 14568 24588 55458 66554 88285 15486 78235 42827 94575 48946 60127 68028 96271 43782 15909 67175 18032 24264 28960 61930 11866 59243 6320 30683 30736 42334 43568 24285 60483 68875 85982 91189 22435 31165 78766 30754 30833 85714 86981 38627 96183 73326 54102 16395 18690 26735 50374 52329 7419 64230 70877 79303 7909 85670 12502 22002 66795 
