197
10 10
2967 36199 42576 40578 25447 24649 77591 38822 12532 14256 
15 14
1051 17740 97244 23394 81548 34990 8913 59740 17745 2196 21436 29618 12330 83108 
54 16
67037 84312 25896 13920 66803 72890 42403 52778 1443 50638 97254 81349 16396 49211 24468 30585 
78 15
17734 12249 5862 14333 25401 6719 54051 53971 51814 43271 74517 20552 53839 25169 7306 
104 16
25835 4844 91304 8094 34586 44000 29800 22166 8280 33150 99872 40195 1385 25130 71482 57272 
145 13
91336 2947 34266 42861 10017 28599 8761 17792 43739 83509 18171 11501 17911 
185 20
23886 42303 51679 31531 18316 34603 20578 8286 54999 66884 23743 92716 8393 59268 22544 1773 23847 68514 1563 25879 
214 13
7759 8955 23906 38109 24605 80324 14657 69623 42425 36885 36839 33145 32494 
230 13
34765 688 35836 13599 48052 6448 17054 3694 90751 75841 3271 60920 46933 
240 20
55689 37891 72409 49892 21367 95355 1622 88217 76863 73126 54767 43496 69382 14528 76683 90766 28567 15674 69742 63303 
287 17
27941 49991 3495 9587 72599 61941 26701 23719 34126 7897 6564 93112 15576 12206 26430 44179 32930 
354 14
875 43612 7916 40715 36524 30651 27463 96198 25768 12881 24559 31721 91603 17591 
385 19
27961 64935 85030 75198 20230 89658 79563 46061 71824 10430 19789 10835 62077 29176 2855 9421 43379 78224 35746 
435 13
25789 29281 37297 33398 18494 11418 32257 36312 10166 26942 35200 61074 12159 
464 12
14762 16007 91927 67821 10718 13163 57479 15720 26334 58271 7231 30781 
465 19
32334 36875 4418 11588 22169 666 54490 30843 39961 82793 1139 5493 43640 48125 57715 27856 31246 43614 10458 
662 11
741 69263 37958 85899 29604 86403 1968 36370 34886 3845 4774 
689 17
32873 68624 1684 96861 16153 94276 23254 49548 18401 41102 83589 25651 44581 39002 16470 83528 35758 
706 16
20841 2800 13147 33992 15331 28375 2442 10091 9322 90300 1804 68665 10130 96598 21956 27067 
928 14
30920 507 89887 20221 66655 43078 63385 488 919 28534 16047 28109 14961 81869 
998 19
87016 84235 528 88412 5972 10341 71692 13501 94734 62563 73761 47320 57320 48139 75094 84043 89149 62403 47095 
1068 13
33363 71841 54924 3180 82480 43056 51243 37593 54784 94162 13243 58139 4131 
1081 10
1631 12063 2153 60934 59747 95883 19411 1003 32509 52792 
1113 13
51111 68200 5952 52266 71738 92130 56563 29243 70689 87168 78953 47297 36323 
1231 10
24078 67879 84602 69045 93993 90934 62763 46637 95083 50913 
1267 20
96082 17825 66432 40834 13994 5885 53688 9506 34469 39525 592 30878 9453 62486 90776 67886 91226 82685 18473 2829 
1280 14
95291 40927 24561 21828 74915 69702 6302 30701 11998 28497 49583 11181 16211 12905 
1324 14
31645 44802 46007 41044 25207 37120 78222 11868 73629 251 13244 20067 19057 58669 
1325 14
14556 45731 39053 2146 12569 50593 465 49607 29431 31296 26184 65793 34972 22494 
1333 12
28863 6699 13146 64400 34501 24553 11747 22527 65303 16318 5086 9477 
1338 17
22179 21401 27536 16065 11650 50503 24025 35780 78248 31561 69566 35282 21874 24901 13053 17958 10748 
1340 17
30989 48422 2184 79385 26338 29399 66307 7179 83278 7227 11220 46563 56105 9369 18235 42587 70815 
1463 17
80195 57434 93555 65170 3321 88137 33650 38005 55955 23948 39425 55163 84897 62003 83059 27997 32396 
1567 16
4065 40911 2279 11997 96641 45013 1703 81452 66855 1962 80511 7603 14983 10185 59192 41478 
1627 19
32468 2782 2852 93772 54552 7555 28557 5248 10080 32659 55647 56680 3957 49224 50094 92230 25732 14684 19660 
1635 10
32138 54372 11030 16775 14676 19409 53265 7549 27761 55690 
1749 13
71753 31853 73992 94092 12541 7361 15124 7779 27423 27732 29747 62081 6958 
1762 16
32857 35379 9439 6130 55553 4964 60651 4231 37863 63216 19368 74665 2787 36263 9533 96572 
1796 10
63547 45384 24706 44846 28708 1510 17528 1215 1442 41119 
1903 12
5242 43250 672 34099 97560 10986 83885 14954 18107 34289 72687 12984 
1904 10
13558 27383 52719 13505 27821 54890 73649 14044 46917 12357 
1996 11
30382 63868 73587 26562 15683 24317 69113 33775 67027 34632 40074 
2072 15
71812 53302 68843 4620 23551 6886 4766 15131 8987 41648 26564 3230 70829 50263 51546 
2111 14
29311 8110 26952 60105 43759 41618 6653 47961 10258 38453 6578 5996 60359 88323 
2125 10
66700 19259 1852 15869 18797 39501 94670 22230 29211 16192 
2145 15
73044 3674 93690 34410 28582 19381 42413 6704 50672 17748 14306 14802 25938 18655 43892 
2167 17
94695 36759 41755 23027 32400 40218 51581 33731 25213 79646 3351 3172 7376 10607 129 14755 14722 
2205 10
26934 32907 21419 20884 49379 38965 2156 28789 47724 48336 
2314 12
40784 1553 33914 53983 32608 32330 27518 18355 16851 86670 10984 5180 
2347 20
34633 76329 154 56651 73655 12833 97212 15830 81311 68990 34009 27492 18376 90660 5867 36611 58160 25196 52967 5826 
2402 11
2946 92810 22988 35838 47570 12370 27663 26911 56326 17679 32211 
2474 13
76969 28148 2000 4889 23556 22946 25225 52344 49431 12524 42991 41840 26849 
2511 12
49467 17467 27626 14801 6162 20550 69318 21170 24655 11350 98455 40928 
2585 16
6786 34582 18339 11139 67056 1673 6193 17454 33351 13156 66719 89694 26261 2636 9928 98609 
2621 10
36375 11533 98977 80245 64707 17450 39545 91131 83088 26623 
2648 11
28915 39234 77955 2920 6454 77900 82053 15942 3526 17501 22275 
2658 9
92277 68423 2239 66653 41221 17993 10551 7060 8440 
2730 20
18560 63811 35101 60416 66784 71854 70104 76645 91768 12548 54344 67025 18595 27652 40990 13444 93833 17174 48575 8906 
2827 14
31358 8416 11948 9315 27030 79858 39358 68388 22599 25581 392 63289 79319 13684 
2900 12
63775 64218 51805 28661 71673 15207 47321 5624 8159 314 21725 42158 
2969 10
30763 1324 79237 17178 5312 65574 18520 65412 36303 10642 
2970 15
60103 87877 4969 59106 22801 57861 27703 32703 1170 32716 35593 23601 5194 2047 57843 
2977 13
55942 3911 26975 15505 5806 59016 22277 93384 51874 12353 17198 1255 2309 
2995 16
21413 74081 1247 34544 52146 43436 9318 19261 18246 57138 63121 19577 30414 5441 84242 5274 
3044 11
3902 12336 75726 26163 78337 11572 61464 9764 55910 4013 4520 
3119 12
33222 10077 86395 2830 7275 18037 19906 55852 43504 15739 39006 62099 
3152 13
23592 98260 48423 10018 22019 41727 15826 50598 10849 5805 1180 44714 84410 
3268 11
30772 15589 20070 9165 65678 45487 40330 12167 29334 29020 91496 
3298 13
44067 56286 84182 84332 84479 68128 53145 79524 95305 5825 66225 61259 27977 
3323 19
23191 11458 24936 51815 71802 63295 20331 19171 67048 56606 4874 10306 90404 4332 45694 7260 17032 44961 18902 
3364 19
9061 29613 36527 26865 263 12337 75871 22334 40354 12458 43230 44704 65692 89773 57623 18219 16241 4523 14553 
3368 12
3998 32080 77095 2299 58290 81261 4853 13742 55175 24102 35402 9128 
3408 10
37749 60133 75755 52769 90131 1900 3429 72808 31704 56881 
3515 18
8307 11158 47627 78452 60870 23401 249 82949 15073 84767 55555 18482 8583 7204 22484 50864 32424 24663 
3575 19
43838 12450 3658 45751 91824 417 66158 87913 141 26319 47007 18291 9800 25939 13730 41173 25555 90036 23965 
3592 14
88620 6241 79611 30784 13 90034 78509 9377 1217 4434 923 13404 25046 36407 
3604 15
5075 32666 18843 92370 86631 952 12993 20299 32955 77182 78206 5739 1049 29849 31804 
3650 12
19999 19126 43650 9220 35380 59147 61795 53189 54281 84273 13681 84962 
3659 11
90038 26962 34572 92167 93110 31524 10369 49798 39074 90912 81871 
3694 14
65797 5169 23734 15275 25839 18790 41072 71694 35134 73461 336 51636 6270 8169 
3715 12
22756 75260 34545 25680 1393 24609 3189 24866 15636 44429 86044 15653 
3800 14
28515 93843 32960 7956 34449 28382 18397 33270 12628 22349 30131 54505 46090 15406 
3835 17
72076 1768 26276 69386 16620 57624 23751 6458 13412 96634 81977 35314 6712 21379 8217 55684 9970 
3855 19
13418 42140 78981 9568 16419 54015 76438 24001 42970 3646 35842 14893 65553 39292 10973 13115 72291 38937 8185 
3956 10
11245 15402 66502 49263 61678 42760 4173 17757 21543 17691 
3981 12
47001 29189 15513 11556 21890 16378 53195 24824 29157 4900 51948 28564 
3983 17
26563 74471 26795 70289 2594 94053 52759 19053 77881 36202 32307 8469 4902 15015 1907 19260 11331 
4107 10
4901 39372 28454 51351 7595 29225 98300 25157 30425 5884 
4190 9
49233 12176 55844 8572 13559 11184 6149 85329 60707 
4373 14
29923 21721 1863 52439 89198 23517 16003 5937 887 144 7459 80630 80490 65934 
4408 11
30914 29790 10472 89401 19807 7454 13134 37222 671 48689 76778 
4427 15
7960 42582 49765 22730 57942 4125 82672 27972 60518 38072 32569 51944 11708 1063 3571 
4484 13
68414 52878 52758 57031 55439 56565 8396 19123 2072 950 10703 49925 25986 
4573 14
19794 50451 27838 30399 2573 2700 10440 26249 50861 45312 35160 27077 49355 46316 
4638 15
18505 98657 70003 14960 483 38607 76066 29217 3973 8491 21217 60699 23495 50338 26387 
4678 15
25109 97242 5858 29704 49332 14409 26119 26810 82577 10016 1812 12483 42707 51708 48063 
4700 10
37656 28501 60673 47159 118 28180 5700 42046 53230 38472 
4787 18
40308 68613 45187 44414 82779 76752 1381 40 42675 12470 3134 18158 16997 36092 18393 27898 20830 56766 
4798 12
20972 3629 4884 45710 75410 20854 31668 11259 36368 85777 17631 63031 
4989 13
26283 25604 10828 20889 79817 32812 50251 75529 26804 1704 38920 36601 25199 
5017 20
1990 71607 33967 20467 31031 62360 90077 54423 90889 4977 17889 46805 85280 97297 8655 4919 27933 4551 6203 33319 
5019 16
73858 4389 21562 92149 3188 80352 15035 40247 20602 65542 40044 33587 44089 14130 128 11043 
5125 16
47067 47374 13235 6127 7452 53166 10318 6123 39133 12355 43510 96720 3210 35217 19544 40659 
5215 14
43265 16517 36346 30202 57489 16020 31501 5629 553 80092 93908 24664 1881 3751 
5229 13
77406 50471 40749 70500 92779 40015 22332 70909 45569 23585 21609 46851 33429 
5259 9
33030 4080 12236 13333 13277 58182 21322 27505 50399 
5290 11
14895 12944 82451 37507 72129 6358 43126 60937 13708 2025 28685 
5388 10
2510 31625 29262 22454 56049 48235 16596 47577 68884 6239 
5402 14
19129 13729 29266 798 94331 20874 99038 557 37406 21836 7461 25747 29067 78014 
5422 11
40041 16993 24774 28998 30654 31414 62 36869 88464 81 58259 
5539 11
67839 20015 817 19520 11955 33934 19694 47385 2348 7802 19210 
5553 10
47365 24749 18280 10446 28693 22177 39426 48245 50940 16784 
5760 16
36200 35401 58642 25516 31579 69294 28307 10971 46752 56581 3841 44614 32273 1536 63832 27303 
5828 19
31959 92313 83035 82543 38708 26996 26011 99593 32761 19665 96799 8329 81474 3214 74067 6750 86146 71257 93889 
5840 11
12494 39061 70067 7708 27613 9233 8068 18131 15468 62095 7579 
5847 10
64299 22096 72568 9141 22601 17810 42790 75122 21172 13962 
5876 15
53279 22973 35316 4507 63167 87358 2520 33224 41663 33647 24128 7677 28293 8728 24039 
5921 11
26945 24277 10256 84411 2770 30023 18478 25341 20588 28127 60285 
5934 12
43197 2096 25573 93200 83879 83038 784 70280 20981 42818 10181 61008 
5940 12
16471 9755 15112 12645 71407 50640 61017 5032 53777 13984 30027 12566 
6274 12
27258 79704 67429 17552 25329 9694 13318 33073 30901 13353 52705 34860 
6308 17
38732 53832 45244 2258 16608 56498 4782 11425 47154 62336 25966 859 66270 14582 77109 11093 36656 
6353 16
57423 17003 1445 23099 16119 178 10206 55380 58491 7019 55507 71687 29908 32526 62463 44320 
6369 11
37640 72410 42458 25754 40094 17780 5551 15093 43598 9340 60293 
6390 12
42080 39452 2525 32063 2981 80827 32181 50928 1276 54822 21226 68863 
6397 10
50567 29550 14405 59867 27878 10572 96499 20287 28291 18190 
6411 11
28568 26012 22821 46626 60495 66155 59902 33665 6460 21497 23595 
6752 10
79282 79713 10413 4730 75042 9358 30365 2912 39855 1898 
6767 16
60472 6143 27318 1299 46386 85726 38202 40514 48198 96093 52410 82419 8860 26393 42432 44190 
6771 20
55607 54073 91612 6711 24799 31153 1521 964 35489 25832 55391 14305 3648 30893 7836 22678 26910 91766 73974 26978 
6833 13
66898 58466 34697 61538 19467 83173 17035 98776 98092 18881 133 18372 96624 
6836 19
43972 7098 43887 46021 73748 76334 9803 34777 35649 16538 60963 11927 8810 13539 44567 63685 47880 20434 39964 
6847 12
48885 21656 1272 10242 48260 61374 30637 89984 35523 34226 12486 4527 
6851 20
7601 88250 6744 10565 53761 4614 88064 75447 29042 34749 67363 13616 20274 58695 75112 19728 13606 80767 89482 10621 
6855 10
11995 39570 34803 64651 46589 17193 19505 268 73913 30386 
6857 15
15612 86137 18415 61611 70698 716 20089 62817 68854 63757 86539 59017 98015 87451 9302 
6926 15
34065 50721 37760 36604 18825 5945 41104 20720 70687 52603 12051 39526 19808 9965 34218 
6988 12
9943 5334 58901 12103 12652 18633 1668 4783 41890 92781 86603 50123 
7011 13
40662 84763 6931 76293 5233 255 17067 11589 17006 53860 22447 9190 25666 
7012 9
17983 16682 95290 7362 98980 21500 1943 10610 44719 
7019 15
26189 40153 12312 1151 64526 9912 52019 19768 8612 38126 85404 54871 1602 64596 873 
7067 15
32770 9229 21484 90694 45347 7190 67360 21175 21110 39500 41874 20178 66513 26528 11049 
7130 18
34034 13216 6197 51078 102 55136 75610 44717 1009 77348 59518 22418 4070 10479 10466 53474 19473 57337 
7144 14
14823 49510 24640 18744 37322 5314 5652 10946 33668 24144 31277 1796 15389 2316 
7168 10
35693 76146 33760 8315 32745 16205 29546 27912 10114 3503 
7199 14
24487 45151 27031 63115 60924 74428 61915 68792 12935 62380 76608 38452 51920 14 
7220 16
6929 15927 24410 44256 8197 37501 84892 38402 64280 12097 12715 14055 36362 6472 6820 44087 
7270 10
10618 13253 24728 28727 78511 2612 91579 22026 22869 13039 
7301 13
13891 3001 74708 12674 70150 39141 52833 1290 14092 36417 48699 41457 18870 
7370 17
8449 1927 62651 51133 4885 35996 55520 90693 42726 82378 40079 90353 7630 30860 71647 68464 7984 
7397 10
18966 56974 2960 36607 73686 67102 89691 1270 2779 3362 
7411 10
95591 2570 44795 20950 1625 6138 26406 55583 23573 28926 
7487 10
3486 13594 3233 8540 56872 17619 6180 81205 4991 21882 
7498 12
8893 32918 47309 8590 43254 29619 22256 98395 74506 10776 10405 2495 
7616 12
7458 8445 9501 21968 44642 14491 38389 19658 73434 6567 35147 32253 
7629 11
46107 84700 58322 92782 45340 41662 63511 85034 75518 29847 44723 
7647 10
85014 68095 29782 85007 64308 23892 30432 48307 42261 23555 
7698 11
27200 15449 24744 213 724 64802 64194 13371 4800 39038 3885 
7721 15
29237 79874 11979 54039 34319 5501 8986 33616 17921 78564 41527 71475 21145 17005 15502 
7753 18
54794 20565 40904 93271 61078 1329 30923 77982 92741 91502 66184 80803 42937 51085 98850 73238 58291 86372 
7805 11
55605 11265 24438 76283 23483 3157 896 5868 44397 46146 23343 
7942 14
15572 38346 18351 8695 34307 47228 88800 16439 10428 4209 32854 59023 42341 45612 
8010 16
13808 14499 1975 7871 10941 30931 30824 49921 16226 16460 40130 85314 229 76075 37263 35199 
8074 12
4832 19611 45120 99324 29887 14759 33718 80333 3207 56874 2383 25865 
8114 17
66413 82440 16507 72649 47504 7062 11472 2906 21459 5536 33419 835 74742 40193 18536 22604 9080 
8123 12
22643 31283 81466 4397 4213 25291 43034 42488 26240 30748 20601 94174 
8272 10
4997 12475 5504 35291 34970 56083 85408 3915 37851 45916 
8408 19
9756 16222 31076 23569 13455 63077 27938 35896 40222 47632 3312 82975 23584 5279 4098 69966 37821 22006 46750 
8410 13
7464 36434 8778 41204 43529 59705 9937 19851 57785 8529 20924 14717 97218 
8428 16
78117 13466 31962 36602 98176 92951 24258 99270 90875 39847 71008 93641 11796 92701 47424 33681 
8449 14
14558 20646 45138 28274 80146 39740 8130 1067 63841 79160 6551 88496 150 18333 
8456 18
82828 3184 63525 35882 22327 75132 99130 26636 81486 92738 27441 82417 586 15356 4362 56892 57733 12378 
8466 9
42262 82331 18386 10269 14360 87214 18516 5044 52473 
8524 17
49198 72968 17897 74016 20895 35140 21150 57504 43774 88200 63307 11323 1256 47402 14017 71904 55501 
8543 12
418 8552 26499 76542 22740 24849 40890 8755 13968 48140 8409 71101 
8584 17
9914 41855 3635 48621 4233 16257 58749 85753 4547 9635 37997 89371 77029 63521 9770 3772 49249 
8625 13
3660 60039 86086 57852 30179 34588 40501 16497 7780 19302 10955 49916 20647 
8871 20
93051 22656 33317 54889 12814 2013 14111 44006 11833 59423 75716 37707 1029 22043 1221 21236 12315 77712 54623 3231 
8876 12
39515 14071 9214 68047 58226 22307 22853 42385 64164 18218 22160 17359 
8917 13
32911 3456 38007 42526 18745 65614 10177 14901 40941 61097 22365 60134 6604 
9249 18
42290 77057 85493 5205 77217 45327 20760 80125 10290 82320 46240 39161 45659 8408 53510 61718 26252 86535 
9259 20
74440 88182 59748 27699 61950 99710 10014 41786 91925 26841 45917 49273 8067 27425 27456 87543 52538 56767 5466 75674 
9383 14
79871 29298 22288 57233 38659 12262 58 7936 97007 23044 39456 2040 1705 20852 
9419 18
3569 44768 2686 9880 28295 88616 48462 28811 60346 16598 32444 3191 53065 55781 89746 6 17971 44298 
9422 15
31735 41978 50055 23606 4635 52134 95760 48424 23360 737 2232 25135 34752 16162 87083 
9454 15
99628 47588 14373 11389 39805 15140 4109 54022 77502 44526 15906 50932 18329 36745 55894 
9542 20
1343 2475 73073 99532 72097 24731 32738 21298 19243 49944 56587 27284 3937 70893 8304 4220 46397 1617 30699 13310 
9597 11
20698 24022 74251 71968 44629 60753 190 10198 13439 26851 14688 
9709 15
4315 164 4656 59329 23277 62418 4313 35712 40955 60843 2283 51221 3868 72536 36457 
9752 9
27133 97353 51247 3775 5944 43989 27738 55576 19038 
9757 14
9951 96152 22701 20494 34664 51622 63366 44154 1948 62083 1791 15013 8172 44011 
9787 9
4320 22920 89953 10729 10500 7021 5200 2616 15218 
9806 20
3034 7833 27565 5897 66069 66792 23799 91531 48636 63040 51194 25166 32539 75753 17347 90405 26491 45685 5999 49240 
9832 11
36565 1785 55459 83287 9227 10528 21076 89715 20405 30669 12505 
9846 11
54800 53651 14282 44845 20075 20822 39083 29434 4357 729 50779 
9885 11
40691 1382 83013 7901 8359 36720 33649 65803 36366 47178 1956 
9926 19
60582 88696 93284 90990 60362 71798 78372 83446 47992 61502 56215 85636 31119 84581 64989 28125 81947 96756 51440 
